00010009
00020008
00030007
00040006
00050005
00050005
00050005
00060004
00070003
00080002
00090001
00010009
00020008
00030007
00040006
00050005
00050005
00050005
00060004
00070003
00080002
00090001
00010009
00020008
00030007
00040006
00050005
00050005
00050005
00060004
00070003
00080002
00090001
00010009
00020008
00030007
00040006
00050005
00050005
00050005
00060004
00070003
00080002
00090001
00010009
00020008
00030007
00040006
00050005
00050005
00050005
00060004
00070003
00080002
00090001
00010009
00020008
00030007
00040006
00050005
00050005
00050005
00060004
00070003
00080002
00090001
00010009
00020008
00030007
00040006
00050005
00050005
