0001
0008
0001
0008
0001
0008
0002
0007
0002
0008
0001
0009
0001
0009
0002
0008
0003
0007
0001
0008
0002
0008
0001
0008
0001
0008
0001
0008
0001
0008
0002
0007
0002
0008
0001
0009
0001
0009
0002
0008
0003
0007
0001
0008
0002
0008
0001
0008
0001
0008
0001
0008
0001
0008
0002
0007
0002
0008
0001
0009
0001
0009
0002
0008
0003
0007
0001
0008
0002
0008
0001
0008
0001
0008
0001
0008
0001
0008
0002
0007
0002
0008
0001
0009
0001
0009
0002
0008
0003
0007
0001
0008
0002
0008
0001
0008
0001
0008
0001
0008
0001
0008
0002
0007
0002
0008
0001
0009
0001
0009
0002
0008
0003
0007
0001
0008
0002
0008
0001
0008
0001
0008
0001
0008
0001
0008
0002
0007
0002
0008
0001
0009
0001
0009
0002
0008
0003
0007
0001
0008
0002
0008
0001
0008
0001
0008
0001
0008
0001
0008
0002
0007
0002
0008
0001
0009
0001
0009
0002
0008
0003
0007
0001
0008
0002
0008
0001
0008
0001
0008
0001
0008
0001
0008
0002
0007
0002
0008
0001
0009
0001
0009
0002
0008
0003
0007
0001
0008
0002
0008
0001
0008
0001
0008
0001
0008
0001
0008
0002
0007
0002
0008
0001
0009
0001
0009
0002
0008
0003
0007
0001
0008
0002
0008
0001
0008
0001
0008
0001
0008
0001
0008
0002
0007
0002
0008
0001
0009
0001
0009
0002
0008
0003
0007
0001
0008
0002
0008
0001
0008
0001
0008
0001
0008
0001
0008
0002
0007
0002
0008
0001
0009
0001
0009
0002
0008
0003
0007
0001
0008
0002
0008
0001
0008
0001
0008
0001
0008
0001
0008
0002
0007
0002
0008
0001
0009
0001
0009
0002
0008
0003
0007
0001
0008
0002
0008
0001
0008

