00010009
00020008
00030007
00040006
00050005
00050005
00050005
00060004
00070003
00080002
00090001
00010009
00020008
00030007
00040006
00050005
00050005
00050005
00060004
00070003
00080002
00090001
00010009
00020008
00030007
00040006
00050005
00050005
00050005
00060004
00070003
00080002
00090001
0001
0009
0002
0008
0003
0007
0004
0006
0005
0005
0005
0005
0005
0005
0006
0004
0007
0003
0008
0002
0009
0001
0001
0009
0002
0008
0003
0007
0004
0006
0005
0005
0005
0005
0005
0005
0006
0004
0007
0003
0008
0002
0009
0001
0001
0009
0002
0008
0003
0007
0004
0006
0005
0005
0005
0005
0005
0005
0006
0004
0007
0003
0008
0002
0009
0001
0001
0009
0002
0008
0003
0007
0004
0006
0005
0005
0005
0005
